11111111111111111111111111111111111111111111111111
10000000000000000000000000000001000000000000000001
10000000000000000000000000000001000000000000000001
10000000000000000000000000000001000000000000000001
10000000000000000000000000000001000000000000000001
10000000000000000000000000000001000000000000000001
10000000000000000000000000000001000000000000000001
10000000000000000100000000000011000001100000000001
10000000000000001111111111111110000011110000000001
10000000000000001111100000000000000110010000000001
10000000000000001111100000000000000100010000000001
10000000000111001111100000000000000100011000000001
10000000001111001111100000000000000100001000000001
10000000011110001111100000000000000100001100000001
10000000111110001111100000000000001100000100000001
10000001111100001111100000000000011000000110000001
10000001111000000000000000000000110000000010000001
10000000000000000000000000000000110000000010000001
10000000000000000000000000000000011000000010000001
10000000000000000000000000000000001100001110000001
10000000000000000110000000000000000111111000000001
10000000000000011110000000000000000000000000000001
10000000000000011100000000000000000000000000000001
10000000000000111000000000000000000000000000000001
10000000000001110000000000111000000000000000000001
10000000000001100000000001101110000000000000000001
10000000000001000000000011000011000000000000000001
10000000000011000000000010000001000000000000000001
10000000000011000000000110000001100000000000000001
10000000000110000000001100000000100000000000000001
10000000000110000000011000000000110000000000000001
10000000000000000000110000000000111100000000000001
10000000000000000011100000000001111110000000000001
10000000000000000110000000000011001111000000000001
10000000000000001100000000000110000111000000000001
10000000000000011000000000111100000011000000000001
10000000000000110000000001100000000011000000000001
10000000000001100000000011000000000111000000000001
10000000000001000000001110000000000111000000000001
10000000000001100000011000000000011111000000000001
10000000000000111111110000111111111110000000000001
10000000000000000000000001111111111100000000000001
10000000000000000000000111111110000000000000000001
10000000000000000000001111111110000000000000000001
10000000000000000000011111111110000000000000000001
10000000000000000000001111011110000000000000000001
10000000000000000000000000011110000000000000000001
10000000000000000000000000011100000000000000000001
10000000000000000000000000001100000000000000000001
11111111111111111111111111111111111111111111111111
